1.000000000000000082e-05 1.404456913633514295e-16
1.123324032978026594e-05 1.050236783705173837e-16
1.261856883066021093e-05 7.853748132253592060e-17
1.417474162926804794e-05 5.873278097217386295e-17
1.592282793341093786e-05 4.392398246921457830e-17
1.788649529057435297e-05 3.285073610918192819e-17
2.009233002565045763e-05 2.457065542581331482e-17
2.257019719633921627e-05 1.837910066057258646e-17
2.535364493970111404e-05 1.374919948041060565e-17
2.848035868435799058e-05 1.028699943415686201e-17
3.199267137797384664e-05 7.697934669803168611e-18
3.593813663804625562e-05 5.761752518356713642e-18
4.037017258596558043e-05 4.313765663735028869e-18
4.534878508128582260e-05 3.230834059291199849e-18
5.094138014816375375e-05 2.420883352735116036e-18
5.722367659350220323e-05 1.815067612342539467e-18
6.428073117284319269e-05 1.361909232537273838e-18
7.220809018385456260e-05 1.022917195762000791e-18
8.111308307896872023e-05 7.693107059808518520e-19
9.111627561154886899e-05 5.795692991422380700e-19
1.023531021899026859e-04 4.376008875431816566e-19
1.149756995397735633e-04 3.313717987818791247e-19
1.291549665014884106e-04 2.518822074515705948e-19
1.450828778495940057e-04 1.923997837628592315e-19
1.629750834620643444e-04 1.478864112516375525e-19
1.830738280295367965e-04 1.145693378170813655e-19
2.056512308348651386e-04 8.962052109772144729e-20
2.310129700083158070e-04 7.091722972887772554e-20
2.595024211399737479e-04 5.686387422981958074e-20
2.915053062825175858e-04 4.626004209942420802e-20
3.274549162877728420e-04 3.820318129131342333e-20
3.678379771828634167e-04 3.201676005190086358e-20
4.132012400115334647e-04 2.719658092336036599e-20
4.641588833612782196e-04 2.336969845701714154e-20
5.214008287999684224e-04 2.026217352724527471e-20
5.857020818056667437e-04 1.767343748747205583e-20
6.579332246575682417e-04 1.545608313588961916e-20
7.390722033525775215e-04 1.350047936978716842e-20
8.302175681319743641e-04 1.172400549992645317e-20
9.326033468832199040e-04 1.006519267956874359e-20
1.047615752789665027e-03 8.483521657408913655e-21
1.176811952434997886e-03 6.964969456948325046e-21
1.321941148466028622e-03 5.529555158256176651e-21
1.484968262254465028e-03 4.230528913814746811e-21
1.668100537200059227e-03 3.134707733493329444e-21
1.873817422860383055e-03 2.289519354639640220e-21
2.104904144512019862e-03 1.698986764447805149e-21
2.364489412645406994e-03 1.323624871277593788e-21
2.656087782946686768e-03 1.100973397524859537e-21
2.983647240283340395e-03 9.727862701994982927e-22
3.351602650938840990e-03 9.005357562001526238e-22
3.764935806792467539e-03 8.638515805593553818e-22
4.229242874389498551e-03 8.525142225411539010e-22
4.750810162102798474e-03 8.606609282991279282e-22
5.336699231206307008e-03 8.843153445218499550e-22
5.994842503189408769e-03 9.206549108697085085e-22
6.734150657750821202e-03 9.678154380531528383e-22
7.564633275546290940e-03 1.024783230617932950e-21
8.497534359086438699e-03 1.091293102375226811e-21
9.545484566618337233e-03 1.167746201181759997e-21
1.072267222010323158e-02 1.255164153473414456e-21
1.204503540258782326e-02 1.355184581334722687e-21
1.353047774579806128e-02 1.470096064873795984e-21
1.519911082952933069e-02 1.602908469669057188e-21
1.707352647470690432e-02 1.757455201567646050e-21
1.917910261672488639e-02 1.938526257862358647e-21
2.154434690031884619e-02 2.152034484418934070e-21
2.420128264794381076e-02 2.405221514665739082e-21
2.718588242732940252e-02 2.706912126265825229e-21
3.053855508833415444e-02 3.067820565612684408e-21
3.430469286314918875e-02 3.500889492590283030e-21
3.853528593710527084e-02 4.021588795119134638e-21
4.328761281083057244e-02 4.648016269736403838e-21
4.862601580065353118e-02 5.400576614856457859e-21
5.462277217684342878e-02 6.301152938446336319e-21
6.135907273413169355e-02 7.372403260941833879e-21
6.892612104349694901e-02 8.639451117295923101e-21
7.742636826811269413e-02 1.013786786265578058e-20
8.697490026177834288e-02 1.192855926397222660e-20
9.770099572992246850e-02 1.410352770246828366e-20
1.097498765493056805e-01 1.674707177870085526e-20
1.232846739442065853e-01 1.986677529731934718e-20
1.384886371393871662e-01 2.346429043204371722e-20
1.555676143930472266e-01 2.780729734648997588e-20
1.747528400007682947e-01 3.319440020619779106e-20
1.963040650040272506e-01 3.931849667170611153e-20
2.205130739903045645e-01 4.669483089458416504e-20
2.477076355991708889e-01 5.571352207231340790e-20
2.782559402207125943e-01 6.599702041279578310e-20
3.125715849688235348e-01 7.872000763780452314e-20
3.511191734215127203e-01 9.377384107299283271e-20
3.944206059437656009e-01 1.110743817336539220e-19
4.430621457583877598e-01 1.322355346031264335e-19
4.977023564332113681e-01 1.576072258639569826e-19
5.590810182512222504e-01 1.875165808197537483e-19
6.280291441834247035e-01 2.228387729568776454e-19
7.054802310718645275e-01 2.661561769296705672e-19
7.924828983539169425e-01 3.169401143006322445e-19
8.902150854450392448e-01 3.777309114596055464e-19
1.000000000000000000e+00 4.482890727648387507e-19
